1.055297479857093492e+02
1.058039197957940161e+02
1.786085722481106757e+02
7.938287809626210390e+01
5.295868706001999726e+01
9.887263853643761990e+01
1.507175544764976962e+02
3.486515216088599800e+01
1.131353572730736090e+02
1.615018403829742226e+02
1.358615611003982622e+02
9.471592221887047458e+01
1.384809442188430069e+02
1.413744172348528991e+02
1.587686266185706927e+02
1.716528861629450375e+02
1.064483565428996883e+02
1.039265963932010948e+02
9.538693889461572439e+01
1.674011809188689313e+02
1.665342627847633139e+02
1.015346471246483020e+02
2.524503597223727240e+02
1.470225854712988394e+02
2.147890663172390191e+02
1.612755710581618303e+02
2.106131522792265685e+02
7.178091584840112205e+01
1.896503243114865995e+02
2.066134258967639425e+02
2.199864345514777426e+02
1.688019253389116727e+02
1.168484612685511195e+02
1.787439963864532615e+02
7.703247417925592799e+01
5.954633213675430170e+01
1.115673780974741192e+02
1.569518673934963715e+02
1.545959125927122386e+02
1.989445749340366945e+02
1.155388401714321276e+02
1.534669902409519580e+02
8.496179518324950664e+01
1.137033719246790469e+02
1.421415561671659020e+02
1.473104037801858794e+02
8.278072358043384327e+01
7.789237327305662006e+01
1.289900619198625691e+02
2.615871228240920914e+02
2.133118777542094904e+02
2.439879125685194765e+02
1.676813209377449994e+02
1.836971212443836521e+02
1.668592688407046012e+02
2.021144018800505933e+02
2.203923554309683368e+02
1.724028802354879701e+02
1.766089793052865957e+02
1.090465656729770387e+02
2.763778983634676933e+02
9.099941820617246435e+01
2.893722114694555216e+02
1.195625335135543139e+02
7.545687948249533861e+01
1.807859875869464474e+02
1.466209308063055232e+02
1.564238246490242830e+02
4.107903600214835649e+01
2.479064516566987777e+02
2.079912143219174823e+02
9.009641075204541494e+01
2.222416963756738824e+02
1.898637800553062505e+02
1.822695375960904585e+02
1.643988137612202820e+02
1.902706658706385383e+02
1.054486794978475075e+02
1.998613639376802666e+02
2.457963879952548041e+02
1.232028133377135646e+02
1.194103190818286748e+02
1.458662041134261642e+02
2.061924729134084942e+02
1.508628245346237122e+02
1.422322164587773727e+02
1.545687461645109693e+02
1.152923339599171300e+02
1.340781012291032539e+02
1.184222540363140297e+02
2.035767555025117872e+02
1.706648379683469443e+02
1.274097970001362654e+02
5.713507633640975314e+01
2.319222650280818243e+02
1.852071365359227570e+02
1.873749455767742518e+02
8.355920848867454254e+01
1.854258568459900403e+02
2.173403563891984049e+02
1.088671535396692320e+02
8.098714568385736357e+01
1.270552412341886281e+02
2.420073879242079613e+02
1.559723414023092403e+02
1.256757527639258427e+02
2.464123564280080814e+02
2.349639329996004449e+02
1.915129825227667197e+02
1.683325447725817128e+02
1.630296517764110433e+02
